-2.923319452279147246e-01 -9.858190278934962913e-01 -5.794727192501917257e-01 -2.728726598635964340e-01 -7.632100590510427773e-01 -7.247258887060535892e-01 4.162762085632435438e-01 8.175160569747047523e-01 7.712162805025790657e-02 -8.084134167345690125e-01
-1.068280301860847326e+00 -5.282033650476635200e-01 -6.546136369879791417e-01 6.096066199639786909e-01 4.806429959201218294e-01 -3.747758564225615041e-01 1.001102315292373479e+00 1.095662225807838785e+00 -8.219243471588462135e-01 -2.423998314751404579e-02
2.409768726588699950e-01 -4.545735885383470065e-01 -1.020744266862150695e+00 -6.229050979356066664e-01 -9.053848361211914719e-01 4.766507570646212610e-02 1.123006257676468334e+00 7.324119753383938614e-01 -6.745594348727303180e-02 -3.233766014547200252e-01
2.069438726801779982e-01 -1.368218967290961929e+00 3.588659370378949887e-01 4.926233599724898216e-02 -4.224179965648388602e-01 -9.753130973767161205e-01 -3.035193938839655936e-01 9.135247877695381602e-01 3.022717021840951035e-01 -2.876838913162179656e-01
-2.968212769539090301e-01 -9.971415425564436052e-01 -5.907070572632950878e-01 -2.728878369854765285e-01 -7.570944063604845287e-01 -7.070843349310027559e-01 4.194003029775320024e-01 8.150488412628760226e-01 8.213261937681544389e-02 -7.954831144779077601e-01
-5.064643345209115521e-01 1.825437199781837494e-01 -5.505560756030024594e-01 -7.851514903259622091e-01 -1.188922752245475722e+00 -1.809156383544479607e-01 -5.109164955673358710e-01 -8.064564642961116192e-01 5.199161142692237947e-01 -1.476714347418638829e+00
6.765104284348288921e-02 -3.139249190951610147e-01 -9.314498262762838099e-01 -6.140357077196280100e-01 -4.448959420117890584e-01 7.911662123887662490e-02 1.714170330368673723e+00 7.328514215287724731e-01 -8.231226012586139174e-01 2.133067061373111195e-01
-9.399863146131076652e-01 -6.782425829832255948e-01 -7.353797816703864232e-01 6.693634653575416538e-01 4.930852133293643635e-02 -4.512838992029716834e-01 3.718907923787110881e-01 1.069939572586949827e+00 -5.643694488556413869e-02 -5.661238107729691382e-01
-2.845576280280733283e-01 -9.793643885739179433e-01 -5.820270477534551512e-01 -2.606437137725441389e-01 -7.613039989839043287e-01 -7.298366467940914371e-01 4.300778480998205255e-01 8.155313202854130861e-01 7.823504290383717641e-02 -7.932085894309844898e-01
5.516382490576395847e-01 -1.300953433270762627e+00 1.029341236168508145e+00 2.096550759641655493e-01 -1.251732602235413883e-01 -1.060171892476380773e+00 -7.482081022106126245e-01 8.206428478046031705e-01 4.596802753842785805e-01 8.400668735599070569e-02
