-3.0000 22.5609 0.5609
-2.9400 21.7929 0.7421
-2.8800 19.5430 -0.5802
-2.8200 20.0260 0.8088
-2.7600 19.0132 0.6804
-2.7000 17.0600 -0.4100
-2.6400 17.5426 0.9138
-2.5800 14.8590 -0.9502
-2.5200 15.1418 0.1306
-2.4600 13.9312 -0.3036
-2.4000 14.2424 0.7624
-2.3400 12.3550 -0.3918
-2.2800 12.8388 0.8036
-2.2200 12.0918 0.7466
-2.1600 10.4977 -0.1791
-2.1000 9.1479 -0.8821
-2.0400 9.1206 -0.2842
-1.9800 8.8964 0.0952
-1.9200 9.0275 0.8083
-1.8600 7.0213 -0.6375
-1.8000 6.4114 -0.7086
-1.7400 6.6415 0.0387
-1.6800 5.3414 -0.7658
-1.6200 6.5929 0.9597
-1.5600 5.7611 0.5803
-1.5000 3.7522 -0.9978
-1.4400 4.0026 -0.3382
-1.3800 3.6603 -0.2929
-1.3200 3.0404 -0.5468
-1.2600 2.2529 -0.9899
-1.2000 3.3081 0.3881
-1.1400 3.1164 0.4976
-1.0800 1.4364 -0.9028
-1.0200 2.1979 0.1167
-0.9600 2.4668 0.6220
-0.9000 2.1692 0.5392
-0.8400 1.5616 0.1248
-0.7800 0.3872 -0.8780
-0.7200 0.5248 -0.5904
-0.6600 0.4535 -0.5333
-0.6000 0.0782 -0.8018
-0.5400 0.8697 0.0749
-0.4800 0.5022 -0.2290
-0.4200 -0.1962 -0.8854
-0.3600 -0.0637 -0.7325
-0.3000 0.8660 0.1960
-0.2400 1.2312 0.5384
-0.1800 0.7153 -0.0219
-0.1200 1.0640 0.2608
-0.0600 0.8636 -0.0272
0.0000 0.5648 -0.4352
0.0600 1.3272 0.1964
0.1200 1.2616 -0.0216
0.1800 1.4552 -0.0020
0.2400 1.0326 -0.6202
0.3000 1.6101 -0.2599
0.3600 2.4605 0.3517
0.4200 2.3888 0.0196
0.4800 1.7014 -0.9498
0.5400 3.0273 0.0725
0.6000 3.0439 -0.2361
0.6600 3.0466 -0.5802
0.7200 4.6168 0.6216
0.7800 4.4148 0.0296
0.8400 4.0127 -0.7841
0.9000 5.3101 0.0801
0.9600 6.3344 0.6496
1.0200 7.0836 0.9224
1.0800 5.6906 -0.9686
1.1400 7.3661 0.1873
1.2000 8.6410 0.9210
1.2600 7.4903 -0.7925
1.3200 8.1159 -0.7513
1.3800 10.4213 0.9481
1.4400 9.8730 -0.2278
1.5000 10.1956 -0.5544
1.5600 11.9412 0.5204
1.6200 12.4519 0.3387
1.6800 11.9176 -0.9096
1.7400 13.3118 -0.2510
1.8000 14.2738 -0.0462
1.8600 15.5563 0.4575
1.9200 15.5874 -0.3118
1.9800 15.7272 -0.9940
2.0400 17.8516 0.2868
2.1000 18.3205 -0.1095
2.1600 18.5301 -0.7867
2.2200 19.8434 -0.3818
2.2800 22.1365 0.9813
2.3400 22.0282 -0.0786
2.4000 23.3517 0.2717
2.4600 24.3101 0.2353
2.5200 24.2853 -0.8059
2.5800 26.5990 0.4698
2.6400 26.8780 -0.3108
2.7000 28.0712 -0.1988
2.7600 29.8896 0.5168
2.8200 31.1358 0.6386
2.8800 31.3727 -0.2705
2.9400 33.4605 0.6497
3.0000 33.7536 -0.2464
