-3.0000 0.4198 0.5609
-2.9400 0.5419 0.7421
-2.8800 -0.8388 -0.5802
-2.8200 0.4928 0.8088
-2.7600 0.3080 0.6804
-2.7000 -0.8374 -0.4100
-2.6400 0.4330 0.9138
-2.5800 -1.4828 -0.9502
-2.5200 -0.4517 0.1306
-2.4600 -0.9336 -0.3036
-2.4000 0.0870 0.7624
-2.3400 -1.1102 -0.3918
-2.2800 0.0447 0.8036
-2.2200 -0.0499 0.7466
-2.1600 -1.0105 -0.1791
-2.1000 -1.7453 -0.8821
-2.0400 -1.1762 -0.2842
-1.9800 -0.8222 0.0952
-1.9200 -0.1314 0.8083
-1.8600 -1.5959 -0.6375
-1.8000 -1.6824 -0.7086
-1.7400 -0.9471 0.0387
-1.6800 -1.7599 -0.7658
-1.6200 -0.0391 0.9597
-1.5600 -0.4196 0.5803
-1.5000 -1.9953 -0.9978
-1.4400 -1.3297 -0.3382
-1.3800 -1.2748 -0.2929
-1.3200 -1.5155 -0.5468
-1.2600 -1.9419 -0.9899
-1.2000 -0.5439 0.3881
-1.1400 -0.4111 0.4976
-1.0800 -1.7848 -0.9028
-1.0200 -0.7354 0.1167
-0.9600 -0.1972 0.6220
-0.9000 -0.2442 0.5392
-0.8400 -0.6198 0.1248
-0.7800 -1.5813 -0.8780
-0.7200 -1.2498 -0.5904
-0.6600 -1.1465 -0.5333
-0.6000 -1.3664 -0.8018
-0.5400 -0.4392 0.0749
-0.4800 -0.6908 -0.2290
-0.4200 -1.2931 -0.8854
-0.3600 -1.0848 -0.7325
-0.3000 -0.0996 0.1960
-0.2400 0.3007 0.5384
-0.1800 -0.2009 -0.0219
-0.1200 0.1411 0.2608
-0.0600 -0.0872 -0.0272
0.0000 -0.4352 -0.4352
0.0600 0.2563 0.1964
0.1200 0.0981 -0.0216
0.1800 0.1771 -0.0020
0.2400 -0.3825 -0.6202
0.3000 0.0356 -0.2599
0.3600 0.7040 0.3517
0.4200 0.4274 0.0196
0.4800 -0.4880 -0.9498
0.5400 0.5866 0.0725
0.6000 0.3286 -0.2361
0.6600 0.0329 -0.5802
0.7200 1.2810 0.6216
0.7800 0.7329 0.0296
0.8400 -0.0394 -0.7841
0.9000 0.8635 0.0801
0.9600 1.4688 0.6496
1.0200 1.7745 0.9224
1.0800 -0.0866 -0.9686
1.1400 1.0959 0.1873
1.2000 1.8530 0.9210
1.2600 0.1596 -0.7925
1.3200 0.2174 -0.7513
1.3800 1.9300 0.9481
1.4400 0.7637 -0.2278
1.5000 0.4431 -0.5544
1.5600 1.5203 0.5204
1.6200 1.3375 0.3387
1.6800 0.0845 -0.9096
1.7400 0.7347 -0.2510
1.8000 0.9277 -0.0462
1.8600 1.4160 0.4575
1.9200 0.6278 -0.3118
1.9800 -0.0765 -0.9940
2.0400 1.1787 0.2868
2.1000 0.7537 -0.1095
2.1600 0.0447 -0.7867
2.2200 0.4147 -0.3818
2.2800 1.7402 0.9813
2.3400 0.6399 -0.0786
2.4000 0.9472 0.2717
2.4600 0.8653 0.2353
2.5200 -0.2236 -0.8059
2.5800 1.0023 0.4698
2.6400 0.1700 -0.3108
2.7000 0.2286 -0.1988
2.7600 0.8892 0.5168
2.8200 0.9547 0.6386
2.8800 -0.0119 -0.2705
2.9400 0.8500 0.6497
3.0000 -0.1053 -0.2464
